              precision    recall  f1-score   support

           0       0.53      0.80      0.64        20
           1       1.00      0.90      0.95        40
           2       0.32      0.60      0.41        20
           3       0.51      0.53      0.52        36
           4       0.70      0.96      0.81        45
           5       1.00      0.88      0.94        25
           6       0.56      1.00      0.71        20
           7       1.00      0.98      0.99        65
           8       0.78      0.96      0.86        26
           9       0.92      0.96      0.94        25
          10       0.76      0.75      0.75        67
          11       0.93      0.96      0.94        67
          12       1.00      1.00      1.00        29
          13       0.90      1.00      0.95        28
          14       0.64      0.79      0.71        29
          15       0.62      0.71      0.67        21
          16       0.94      0.95      0.95        65
          17       0.69      0.85      0.76        62
          18       0.47      0.69      0.56        29
          19       0.76      0.97      0.85        36
          20       0.94      0.85      0.89        20
          21       0.95      0.90      0.92        39
          22       1.00      0.83      0.91        71
          23       0.96      1.00      0.98        22
          24       0.91      0.95      0.93        21
          25       0.89      0.81      0.85        21
          26       0.91      1.00      0.95        20
          27       0.82      0.89      0.85        46
          28       0.98      0.95      0.96        58
          29       0.96      0.72      0.82        65
          30       0.85      0.88      0.86        32
          31       0.38      0.80      0.52        25
          32       0.96      0.96      0.96        26
          33       0.78      0.90      0.84        20
          34       0.96      1.00      0.98        23
          35       0.80      0.78      0.79        55
          36       0.99      0.98      0.98        88
          37       0.94      0.94      0.94        36
          38       0.51      0.86      0.64        21
          39       0.81      0.74      0.78        47
          40       0.99      0.82      0.90       107
          41       0.77      0.85      0.80        39
          42       0.86      0.65      0.74       110
          43       0.94      0.93      0.94        73
          44       0.74      0.70      0.72        20
          45       0.89      0.96      0.93       176
          46       1.00      0.94      0.97        47
          47       0.65      0.94      0.77        51
          48       0.74      1.00      0.85        29
          49       0.95      0.85      0.90        72
          50       0.97      0.49      0.65       238
          51       0.82      0.95      0.88        65
          52       0.86      0.68      0.76        73
          53       0.77      0.98      0.86        41
          54       0.95      0.82      0.88        51
          55       0.97      0.99      0.98        89
          56       0.98      1.00      0.99        47
          57       0.95      0.98      0.96        94
          58       0.98      0.98      0.98        47
          59       0.99      1.00      0.99        89
          60       0.94      1.00      0.97        30
          61       0.78      0.71      0.75        35
          62       0.94      1.00      0.97        34
          63       0.89      1.00      0.94        32
          64       0.93      0.90      0.91        82
          65       0.82      1.00      0.90        41
          66       0.71      1.00      0.83        22
          67       0.90      0.76      0.83        34
          68       0.79      1.00      0.88        34
          69       0.93      0.98      0.95        42
          70       1.00      0.95      0.97        58
          71       0.63      0.50      0.56        76
          72       0.98      0.97      0.97       174
          73       0.90      0.80      0.85       151
          74       0.96      0.90      0.93       100
          75       0.81      0.85      0.83        87
          76       0.98      0.89      0.93       231
          77       0.82      0.82      0.82       117
          78       0.95      1.00      0.98        21
          79       0.95      0.99      0.97        85
          80       0.94      0.99      0.96       146
          81       0.84      0.71      0.77        92
          82       0.57      0.65      0.61       111
          83       0.67      0.70      0.68        66
          84       0.53      0.93      0.67        43
          85       0.71      0.79      0.75        38
          86       0.91      0.95      0.93        43
          87       0.83      0.71      0.77       134
          88       0.89      0.88      0.89       164
          89       0.61      0.74      0.67        62
          90       0.76      0.89      0.82        56
          91       0.92      0.96      0.94        46
          92       0.86      0.96      0.91        26
          93       0.99      0.91      0.95       142
          94       0.68      0.75      0.71       108
          95       0.79      0.68      0.73        71
          96       0.84      0.59      0.69        46
          97       0.73      0.76      0.75        62
          98       0.95      0.91      0.93        43
          99       0.93      0.90      0.91        29
         100       1.00      0.79      0.88        38
         101       0.97      1.00      0.98        28

    accuracy                           0.85      6149
   macro avg       0.84      0.87      0.85      6149
weighted avg       0.87      0.85      0.85      6149
