              precision    recall  f1-score   support

           0       0.65      1.00      0.78        20
           1       1.00      0.95      0.97        40
           2       0.80      0.60      0.69        20
           3       0.67      0.56      0.61        36
           4       0.82      0.93      0.88        45
           5       1.00      0.92      0.96        25
           6       0.77      1.00      0.87        20
           7       0.98      1.00      0.99        65
           8       0.76      1.00      0.87        26
           9       0.86      1.00      0.93        25
          10       0.86      0.85      0.86        67
          11       0.91      0.94      0.93        67
          12       1.00      1.00      1.00        29
          13       0.88      1.00      0.93        28
          14       0.72      0.97      0.82        29
          15       0.60      0.86      0.71        21
          16       1.00      0.98      0.99        65
          17       0.95      0.94      0.94        62
          18       0.76      0.97      0.85        29
          19       0.74      0.94      0.83        36
          20       0.95      0.95      0.95        20
          21       0.97      0.97      0.97        39
          22       1.00      0.86      0.92        71
          23       0.85      1.00      0.92        22
          24       0.91      0.95      0.93        21
          25       0.82      0.86      0.84        21
          26       1.00      1.00      1.00        20
          27       0.80      0.98      0.88        46
          28       1.00      0.97      0.98        58
          29       0.98      0.78      0.87        65
          30       0.85      0.91      0.88        32
          31       0.50      0.88      0.64        25
          32       0.96      1.00      0.98        26
          33       0.91      1.00      0.95        20
          34       1.00      0.91      0.95        23
          35       0.95      0.95      0.95        55
          36       0.96      1.00      0.98        88
          37       0.92      1.00      0.96        36
          38       0.82      0.86      0.84        21
          39       0.92      0.96      0.94        47
          40       1.00      0.95      0.98       107
          41       0.82      0.92      0.87        39
          42       0.93      0.71      0.80       110
          43       0.89      0.99      0.94        73
          44       0.95      1.00      0.98        20
          45       0.97      0.96      0.96       176
          46       1.00      0.98      0.99        47
          47       0.73      0.94      0.82        51
          48       0.94      1.00      0.97        29
          49       0.97      0.96      0.97        72
          50       0.97      0.65      0.78       238
          51       0.98      0.97      0.98        65
          52       0.97      0.79      0.87        73
          53       0.93      1.00      0.96        41
          54       1.00      0.98      0.99        51
          55       1.00      1.00      1.00        89
          56       0.96      0.98      0.97        47
          57       0.98      1.00      0.99        94
          58       1.00      1.00      1.00        47
          59       1.00      1.00      1.00        89
          60       1.00      1.00      1.00        30
          61       0.86      0.89      0.87        35
          62       1.00      1.00      1.00        34
          63       0.94      1.00      0.97        32
          64       0.94      0.95      0.95        82
          65       0.93      1.00      0.96        41
          66       0.96      1.00      0.98        22
          67       0.94      0.91      0.93        34
          68       0.79      1.00      0.88        34
          69       0.98      1.00      0.99        42
          70       1.00      1.00      1.00        58
          71       0.93      0.67      0.78        76
          72       0.99      0.99      0.99       174
          73       0.91      0.89      0.90       151
          74       0.95      0.98      0.97       100
          75       0.85      0.92      0.88        87
          76       1.00      0.97      0.98       231
          77       0.97      0.86      0.91       117
          78       1.00      1.00      1.00        21
          79       0.89      1.00      0.94        85
          80       0.98      0.98      0.98       146
          81       0.95      0.78      0.86        92
          82       0.87      0.81      0.84       111
          83       0.89      0.74      0.81        66
          84       0.82      0.98      0.89        43
          85       0.73      0.97      0.83        38
          86       0.98      0.98      0.98        43
          87       0.85      0.96      0.90       134
          88       0.90      0.98      0.94       164
          89       0.76      0.76      0.76        62
          90       0.96      0.91      0.94        56
          91       0.98      0.96      0.97        46
          92       0.83      0.96      0.89        26
          93       0.96      0.99      0.97       142
          94       0.88      0.93      0.90       108
          95       0.82      0.79      0.81        71
          96       0.74      0.70      0.72        46
          97       0.84      0.79      0.82        62
          98       0.90      0.84      0.87        43
          99       1.00      0.97      0.98        29
         100       0.90      0.95      0.92        38
         101       0.97      1.00      0.98        28

    accuracy                           0.92      6149
   macro avg       0.90      0.93      0.91      6149
weighted avg       0.92      0.92      0.92      6149
