              precision    recall  f1-score   support

           0       0.63      0.95      0.76        20
           1       0.97      0.88      0.92        40
           2       0.37      0.70      0.48        20
           3       0.49      0.56      0.52        36
           4       0.78      0.96      0.86        45
           5       1.00      0.88      0.94        25
           6       0.54      0.95      0.69        20
           7       0.98      0.98      0.98        65
           8       0.86      0.96      0.91        26
           9       0.96      0.96      0.96        25
          10       0.72      0.72      0.72        67
          11       0.92      0.91      0.92        67
          12       1.00      0.97      0.98        29
          13       0.93      1.00      0.97        28
          14       0.74      0.79      0.77        29
          15       0.53      0.81      0.64        21
          16       0.94      0.95      0.95        65
          17       0.69      0.85      0.76        62
          18       0.62      0.69      0.66        29
          19       0.82      0.89      0.85        36
          20       0.95      0.90      0.92        20
          21       0.95      0.95      0.95        39
          22       1.00      0.83      0.91        71
          23       1.00      0.95      0.98        22
          24       0.95      0.95      0.95        21
          25       1.00      0.76      0.86        21
          26       0.90      0.90      0.90        20
          27       0.87      0.89      0.88        46
          28       0.97      0.97      0.97        58
          29       0.94      0.71      0.81        65
          30       0.81      0.78      0.79        32
          31       0.29      0.76      0.42        25
          32       0.96      0.96      0.96        26
          33       0.78      0.90      0.84        20
          34       0.88      1.00      0.94        23
          35       0.76      0.80      0.78        55
          36       0.97      0.99      0.98        88
          37       0.94      0.94      0.94        36
          38       0.37      0.76      0.50        21
          39       0.74      0.79      0.76        47
          40       0.98      0.83      0.90       107
          41       0.71      0.92      0.80        39
          42       0.79      0.70      0.74       110
          43       0.91      0.93      0.92        73
          44       0.78      0.70      0.74        20
          45       0.90      0.96      0.93       176
          46       1.00      0.91      0.96        47
          47       0.68      0.98      0.80        51
          48       0.72      1.00      0.84        29
          49       0.97      0.83      0.90        72
          50       0.98      0.47      0.64       238
          51       0.84      0.97      0.90        65
          52       0.88      0.71      0.79        73
          53       0.75      0.98      0.85        41
          54       0.92      0.86      0.89        51
          55       0.98      1.00      0.99        89
          56       1.00      0.96      0.98        47
          57       0.95      0.98      0.96        94
          58       0.96      1.00      0.98        47
          59       1.00      1.00      1.00        89
          60       0.97      1.00      0.98        30
          61       0.84      0.74      0.79        35
          62       1.00      1.00      1.00        34
          63       0.86      0.97      0.91        32
          64       0.97      0.91      0.94        82
          65       0.82      1.00      0.90        41
          66       0.78      0.95      0.86        22
          67       0.93      0.76      0.84        34
          68       0.79      1.00      0.88        34
          69       0.95      0.98      0.96        42
          70       0.97      0.97      0.97        58
          71       0.64      0.47      0.55        76
          72       0.98      0.97      0.97       174
          73       0.91      0.77      0.83       151
          74       0.93      0.92      0.92       100
          75       0.79      0.86      0.82        87
          76       0.98      0.92      0.95       231
          77       0.89      0.82      0.85       117
          78       0.95      1.00      0.98        21
          79       0.96      0.96      0.96        85
          80       0.94      0.99      0.97       146
          81       0.92      0.72      0.80        92
          82       0.57      0.67      0.62       111
          83       0.75      0.67      0.70        66
          84       0.62      0.86      0.72        43
          85       0.64      0.89      0.75        38
          86       0.98      0.98      0.98        43
          87       0.78      0.68      0.73       134
          88       0.86      0.92      0.89       164
          89       0.68      0.76      0.72        62
          90       0.83      0.88      0.85        56
          91       0.93      0.91      0.92        46
          92       0.76      0.96      0.85        26
          93       0.99      0.88      0.93       142
          94       0.70      0.77      0.73       108
          95       0.80      0.68      0.73        71
          96       0.75      0.59      0.66        46
          97       0.77      0.77      0.77        62
          98       0.93      0.91      0.92        43
          99       0.96      0.93      0.95        29
         100       0.85      0.89      0.87        38
         101       0.97      1.00      0.98        28

    accuracy                           0.85      6149
   macro avg       0.84      0.87      0.85      6149
weighted avg       0.87      0.85      0.85      6149
